-6 -10 6
-7 9 2
0 p 10
-4 -2 -10
-8 5 5
-4 -10 -8
-6 -10 k
1 -9 7
-46 3
-10 3 5
3 -9 -10
3 -3 6
6 3 7
6-9 -9
-5 3 -7
-4 8 -6
7 8 -3 -7 4 -5
7 1 7
-2 9 -6 3 7 0
-10 3 -8
-9 3 -6
-4 6 -5
-5 10 -8
10 5 b
3 -4 3
10 -7 -1
-1 -4 2
-8 2-4
2 -7 -3
-1 -2 7
4 3 -9
-8 4 9
9 -7 8
l 19
-8 10 -10
0 -3 -4
5 1 8
-9 -8 10
-10 2 -3
3 6 -6
9 -1 -6
7 9 9
-7 -6 -10
-8 -5 -5
n 7 4
-2 3 -2
s -6 -4
-9 4 -4
-5 -6 o
2 2 10
0 1 -4 8 -10 -10
5 1 -7 -3 -7
-2 -6 s
7 8 6
-8 0 9
-6 2 -1
-1 -5 9
4 9 -3
-6 r z
6-3 4
-4 7 7 -9
c -1 6
10 7 -5
f 2 2
1 -8 7
9 -5 -5
5 1 10
3 -1 -1
l 4 4
-5 4 4
2 1 5
-3 -9 -1
0 86
-8 10 4
-4 -6u
-2 310
1 3 -7
t -4 4
7 -7 -2
-2 -9 9
-61 6
-10 -4 9
-5 2 -2
-5 -8 4
3 6 2
p -3 5
y -5 -8
o -2 2
-1 1 f
-1 2 6
-9 -10 -1
-5 w 4
-5 6 9
-5 4 -4
-1 -9 p
-3 -8 8
-5 -1 -10
-5-7 -2
10 -3 9
9 -3 u
-6 -3 -2
-9 -6 5
-10 3 7
-10 3 -1
-2 -4 -1
-6 -10 -8
-3 -4 -6
10 -9 e
-1 30
1 -3 -2 -3 -1 -1
9 -5 7
6 -4 a
-8-6 6
-8e 8
-5 -9 -7
-10 2 -3
0 -8 2
9 -5 10
-6 10 -2
-2 -6 5
3 1 10
7 -4 -9
-1 0 -6
-1 7 -2
-65 s
-2 5 -10
4 62
-3 -8 -10
7 5 7
5 -3 0
-8 9 -2
0 2 -3
-10 9 -2
1 4 0
2 -9 -1
-5 10 6
-7 -1 4
-9 4 -8
8 4 6
-7 -5 7
-1 10 7
-3 10 1
5 9 3
5 10 f
-6 1 -3
089
-7 -8 5
-6 8 -2
-5 2 2
-10 7 1
-8 -9-1
9 10 7
8 6 9
5 -6 0
-103 0
-2 -9 0
2 -9-2
6 5 j
6-9 10
-8 -8 6
6 3 6
-8 j 6
-2 9 -6
10 5 -3
-8 -3 -7
5 -4 -1
-8 3 -8
8 d g
-8 9 1
4 4 c
-4 -5 5
-6 1 2
2 -2 5
-1 -7 7
-1 g 4
-3 77
7 -4 -5
-1 9 -7
-7 -1 3
-9 -2 -1
4 -8 v
6 2 1
8 -5 -1
4 0 10
10 5 -2
3 2 1
-1 -8 -8
-10 -7 -9
8 5 -9
h 8 6
-2 10 -8
g 9 -7 6 2 7
-81 7
-2 -9 7
7 8 -10
-8 3 5
-9 -5 6
8 a -9
2 5 -7
-1 -7 9
1 -8 7
-4 -1 9 -4 -4 -9
-4 7 9
6 -7 -9
-4 -3 0
-9 -9 0
4 7 -7
-1 -5 -10
3 -4 -2
-1 -1 -3 -4 8 -6
-7 7 -1
-8 -3 -7
-3 -10 -7
3 -10 -5
1 7 n
-10 4 -2
6 1 x
7 1 9
-9 -2 9
-9 7 -3
-9 1 -9
3 9 -4
6 -10 -9
-10 -4 5
-1 -9 -3
9-2 -7
t 2 7
-8 -7 -9
4 -7 -3
-5 -2 7
t -4 5
-6 8 -6
7 -7i
-10 0 1
-3 5 -1
3 10 8
-3 -5 6
8 -10 -10
8 -2 7
6 j -5
10 5 0
4 -1 2
f 6 10
-9 7 6
-4 6 -3
9 9 -7
2 -3 -2
-10 3 -3
-6 -5 -6
-5 7 0
2 5 -6 6
-7 3 9
76 3
0 -9 10
-4 -7 -4
3 0 -10
-7 n 10
2 10 -3
7 4 7 8
4 3 -4
0 4 4
10 3 2
-9 9 10
3 3 x
1 -4 2
-7 5 j
8 -3n 5 6 4
v -5 -7
5 7 0 8 6
7 -3 9
-4 -3 3
10 9 5
-8 7 6
-2 5 -7
3 4 8
0 -10 x
0 -92
-3 -7 10
0 -3 2
3 -2 -2
-2-2 8
4 -4 5
7 0 3
8 7 3
29 6
3 5 -8
-7 -2 3
-2 -2 -1
-5 3 4
3 -2 -8
4 -2 -10
-1 -4 0
6 -6 -2
-3 -10 7
4 -7 5
7 -9 -1
q -5 -2
-8 -3 -2 7
-6 -6 -7
-1 10 2
-5 -5q
-4 5 -3
-8 7 -3
-6 q 2
9 3 4
-8 -10 -10
-4 -3 5
8 -8 7
-9 -10 3
7 6 -4
-8 z -8
1 98
-6 6 -8
-6 8 -8
-4 -6 -10
1 4 m
-10 -6 2
4 6 -7
0 x 5
2 -3 5
1 h 7
-10 -8-1
-10 -5 10
-10 -1 -5
-10 -5 5
-5 3 1
-2 -10 1
6 5 -4
5 -10w
10 -3 3
0 -9 -2
-9 10 -8
-9k 0
-2 -9 6
6 d -6
-10 -1 -5
-10 3 i
-4 8 5
5 -8 -1
2 t -9 2 3
-2 3 6
-10 10 2
p -1 6
-5 -2 -10
9 -1-5
-3 -6 s
3 4 -4
-9 10 4
-7 3 9
-9 -1 5
10 -10 6
-2 2 -9
1 v -6
-82-8 10 -2 3
-2 0 8 5
4-8 9 -6 2 -2
-6 7 -4
-6 3 -9
0 -5 2 8 1
6 10 3
-5 10 9
7 2 8
-8 0 8
-2 -8 -6
-4 8 4
-1 f -8
10 -5 -9 -2 6
7 5 0
n 8 3
-7-9 6
-4 -1 1
-8 0 h
3 -7 4
5 -10 4
-6 t -8
-9 -9 -4
0 -9 9 -5
8-9 -6
-8 10 10
5 -1 8
-3 -10 -2
6 n 6
1 -7 a 1 -2
1 j i
l -8 6
1 1 5
3 8 7
-5 -4 -7
0 8-4
3 -9 -7
-4 -4 -7
-3 -5s
-10 10 4
4-4 -7
-2 1 -3
9 v 4
1 -6 -2
a 6 9
8 d 10
10 -10 5
5 6 j
4 0 10
-7 9 -4
5 0 -9
-10 0 -6 -8
b -7 9
9 0 -4
7 -1 -7
-8 1 8
6 -7 7
-8 8 10
e 8 3
-9 1 -10
-4 -6 -4
-10 6 v
-6 10 1
2 -9 10 0
9 -10 -4
19 7
-8 -1 7
-6 -10 -5
e -1 3
-7 9 -8
9 -6 -2
7 5 -3
-4 o 1
-3 6 -6
1 -1 -3
-4 3 -7
-7 6 9
5 0 -9
-2 9 5 -5
-4 -7 6 -7 9
-2 -3 7
9 -8 -3
1 -5 -1
-6 3 0
-3 a 8
-1 3 -9
-8 5 z
-8 -2 -6
-8 9 -5
2-16
-8 -4 -7 5 5 -9
-10 10 8
8 3 -10
7 -8 7
-6 3 -8
-10 0 b
1 -7 -7
6 -6 5
4 -9 2
1 2-10
3 10 -7
6-6 0
3 l 5
23 -9
-7 6 6 1 5 -10
3 -2 4
-4 5 -7
m 3 -2
-6 0 -8
6 -9 -5
-6 -7 5
4 -2 -1
-2 -9 5
3 -2 -2
-110 4
-1 5 -10
-10 w7
-4 -5 -3
-2 -9 -10
0 6 1
-9 -2 -2
-4 4 -10
102 -4
5 i 8
4 -5 5
-5 0 -4
7 7 5
-2 -5 5
1 -9 -3
-8 -3 -3
8 10 -5
-8 7 6
-2 10 -1
-5 -3 -4
-9 4 4
-3 -10 -3
8 9 0
-10 -5 6
-10 -7 0
-1 4 -4
4 -4 -5
-4 -2 8
-10 1 2
1 -8 -2
7 6 4
-4 -2 10
2 3 10
